
          0   0.000078
          1   0.035380
          2   0.082067
          3   0.208639
          4   0.426503
          5   0.829736
          6   0.493201
          7   0.760471
          8   0.176507
          9  -0.008108
         10   0.222133
         11   0.428194
         12   0.121021
         13  -0.047423
         14  -0.162114
         15   0.501685
         16   0.332318
         17   0.099401
         18  -0.023954
         19  -0.173456
         20  -0.410643
         21  -0.222550
         22  -0.214707
         23   0.074769
         24   0.529425
         25   0.077718
         26  -0.181268
         27  -0.308806
         28  -0.290927
         29  -0.073300
         30   0.101314
         31   0.037640
         32   0.076133
         33   0.043006
         34  -0.035950
         35   0.093141