
          0   0.000000
          1   0.000000
          2   0.000776
          3   0.007593
          4   0.042522
          5   0.135804
          6   0.332603
          7   0.560526
          8   0.899434
          9   1.036635
         10   0.886057
         11   1.141287
         12   1.270423
         13   1.216726
         14   1.026511
         15   0.879829
         16   0.718535
         17   0.604081
         18   0.413055
         19   0.354038
         20   0.803620
         21   0.853554
         22   0.755254
         23   0.711993
         24   0.712857
         25   0.453414
         26   0.385378
         27   0.514558
         28   0.730703
         29   0.972976
         30   0.952668
         31   1.048437
         32   0.981827
         33   0.891395
         34   0.693984
         35   0.928440